$Step  Incr         Dtime  S-Progress(%)  T-Progress(%)     Rest time
  1       1  1.000000E+00  100.000000000  100.000000000  0.000000E+00
  2       2  1.000000E-01    0.500000000    5.238095238  1.990000E+01
  2       3  6.666667E-02    0.833333333    5.555555556  1.983333E+01
  2       4  1.000000E-01    1.333333333    6.031746032  1.973333E+01
  2       5  1.500000E-01    2.083333333    6.746031746  1.958333E+01
  2       6  2.250000E-01    3.208333333    7.817460317  1.935833E+01
  2       7  3.375000E-01    4.895833333    9.424603175  1.902083E+01
  2       8  4.000000E-01    6.895833333   11.329365079  1.862083E+01
  2       9  4.000000E-01    8.895833333   13.234126984  1.822083E+01
  2      10  4.000000E-01   10.895833333   15.138888889  1.782083E+01
  2      11  2.666667E-01   12.229166667   16.408730159  1.755417E+01
  2      12  1.777778E-01   13.118055556   17.255291005  1.737639E+01
  2      13  1.777778E-01   14.006944444   18.101851852  1.719861E+01
  2      14  2.666667E-01   15.340277778   19.371693122  1.693194E+01
  2      15  4.000000E-01   17.340277778   21.276455026  1.653194E+01
  2      16  2.666667E-01   18.673611111   22.546296296  1.626528E+01
