$Step  Incr         Dtime  S-Progress(%)  T-Progress(%)     Rest time
  1       1  1.000000E+00  100.000000000  100.000000000  0.000000E+00
  2       2  1.000000E-01    0.500000000    5.238095238  1.990000E+01
  2       3  6.666667E-02    0.833333333    5.555555556  1.983333E+01
  2       4  1.000000E-01    1.333333333    6.031746032  1.973333E+01
  2       5  1.500000E-01    2.083333333    6.746031746  1.958333E+01
  2       6  2.250000E-01    3.208333333    7.817460317  1.935833E+01
  2       7  3.375000E-01    4.895833333    9.424603175  1.902083E+01
  2       8  4.000000E-01    6.895833333   11.329365079  1.862083E+01
  2       9  4.000000E-01    8.895833333   13.234126984  1.822083E+01
  2      10  4.000000E-01   10.895833333   15.138888889  1.782083E+01
  2      11  4.000000E-01   12.895833333   17.043650794  1.742083E+01
  2      12  4.000000E-01   14.895833333   18.948412698  1.702083E+01
  2      13  2.666667E-01   16.229166667   20.218253968  1.675417E+01
  2      14  1.777778E-01   17.118055556   21.064814815  1.657639E+01
  2      15  2.666667E-01   18.451388889   22.334656085  1.630972E+01
  2      16  4.000000E-01   20.451388889   24.239417989  1.590972E+01
  2      17  2.666667E-01   21.784722222   25.509259259  1.564306E+01
  2      18  4.000000E-01   23.784722222   27.414021164  1.524306E+01
  2      19  4.000000E-01   25.784722222   29.318783069  1.484306E+01
  2      20  2.666667E-01   27.118055556   30.588624339  1.457639E+01
  2      21  2.666667E-01   28.451388889   31.858465608  1.430972E+01
  2      22  1.185185E-01   29.043981481   32.422839506  1.419120E+01
  2      23  7.901235E-02   29.439043210   32.799088771  1.411219E+01
  2      24  5.267490E-02   29.702417695   33.049921615  1.405952E+01
  2      25  7.901235E-02   30.097479424   33.426170880  1.398050E+01
  2      26  1.185185E-01   30.690072016   33.990544778  1.386199E+01
  2      27  1.777778E-01   31.578960905   34.837105624  1.368421E+01
  2      28  2.666667E-01   32.912294239   36.106946894  1.341754E+01
  2      29  4.000000E-01   34.912294239   38.011708799  1.301754E+01
  2      30  4.000000E-01   36.912294239   39.916470704  1.261754E+01
  2      31  4.000000E-01   38.912294239   41.821232608  1.221754E+01
  2      32  4.000000E-01   40.912294239   43.725994513  1.181754E+01
  2      33  2.666667E-01   42.245627572   44.995835783  1.155087E+01
  2      34  4.000000E-01   44.245627572   46.900597688  1.115087E+01
  2      35  4.000000E-01   46.245627572   48.805359592  1.075087E+01
  2      36  4.000000E-01   48.245627572   50.710121497  1.035087E+01
  2      37  4.000000E-01   50.245627572   52.614883402  9.950874E+00
  2      38  2.666667E-01   51.578960905   53.884724672  9.684208E+00
  2      39  2.666667E-01   52.912294239   55.154565942  9.417541E+00
