$Step  Incr         Dtime  S-Progress(%)  T-Progress(%)     Rest time
  1       1  1.000000E+00  100.000000000  100.000000000  0.000000E+00
  2       2  1.000000E-01    0.500000000    5.238095238  1.990000E+01
  2       3  6.666667E-02    0.833333333    5.555555556  1.983333E+01
  2       4  1.000000E-01    1.333333333    6.031746032  1.973333E+01
  2       5  1.500000E-01    2.083333333    6.746031746  1.958333E+01
  2       6  2.250000E-01    3.208333333    7.817460317  1.935833E+01
  2       7  3.375000E-01    4.895833333    9.424603175  1.902083E+01
  2       8  4.000000E-01    6.895833333   11.329365079  1.862083E+01
  2       9  4.000000E-01    8.895833333   13.234126984  1.822083E+01
  2      10  4.000000E-01   10.895833333   15.138888889  1.782083E+01
  2      11  4.000000E-01   12.895833333   17.043650794  1.742083E+01
  2      12  4.000000E-01   14.895833333   18.948412698  1.702083E+01
  2      13  4.000000E-01   16.895833333   20.853174603  1.662083E+01
  2      14  4.000000E-01   18.895833333   22.757936508  1.622083E+01
  2      15  4.000000E-01   20.895833333   24.662698413  1.582083E+01
  2      16  4.000000E-01   22.895833333   26.567460317  1.542083E+01
  2      17  4.000000E-01   24.895833333   28.472222222  1.502083E+01
  2      18  4.000000E-01   26.895833333   30.376984127  1.462083E+01
  2      19  4.000000E-01   28.895833333   32.281746032  1.422083E+01
  2      20  4.000000E-01   30.895833333   34.186507937  1.382083E+01
  2      21  4.000000E-01   32.895833333   36.091269841  1.342083E+01
  2      22  4.000000E-01   34.895833333   37.996031746  1.302083E+01
  2      23  4.000000E-01   36.895833333   39.900793651  1.262083E+01
  2      24  4.000000E-01   38.895833333   41.805555556  1.222083E+01
  2      25  4.000000E-01   40.895833333   43.710317460  1.182083E+01
  2      26  4.000000E-01   42.895833333   45.615079365  1.142083E+01
  2      27  4.000000E-01   44.895833333   47.519841270  1.102083E+01
  2      28  4.000000E-01   46.895833333   49.424603175  1.062083E+01
  2      29  2.666667E-01   48.229166667   50.694444444  1.035417E+01
  2      30  2.666667E-01   49.562500000   51.964285714  1.008750E+01
  2      31  2.666667E-01   50.895833333   53.234126984  9.820833E+00
  2      32  2.666667E-01   52.229166667   54.503968254  9.554167E+00
  2      33  2.666667E-01   53.562500000   55.773809524  9.287500E+00
  2      34  1.777778E-01   54.451388889   56.620370370  9.109722E+00
