$Step  Incr         Dtime  S-Progress(%)  T-Progress(%)     Rest time
  1       1  1.000000E+00  100.000000000  100.000000000  0.000000E+00
  2       2  1.000000E-01    0.500000000    5.238095238  1.990000E+01
  2       3  6.666667E-02    0.833333333    5.555555556  1.983333E+01
  2       4  1.000000E-01    1.333333333    6.031746032  1.973333E+01
  2       5  1.500000E-01    2.083333333    6.746031746  1.958333E+01
  2       6  2.250000E-01    3.208333333    7.817460317  1.935833E+01
  2       7  3.375000E-01    4.895833333    9.424603175  1.902083E+01
  2       8  4.000000E-01    6.895833333   11.329365079  1.862083E+01
  2       9  4.000000E-01    8.895833333   13.234126984  1.822083E+01
  2      10  4.000000E-01   10.895833333   15.138888889  1.782083E+01
  2      11  4.000000E-01   12.895833333   17.043650794  1.742083E+01
  2      12  4.000000E-01   14.895833333   18.948412698  1.702083E+01
  2      13  4.000000E-01   16.895833333   20.853174603  1.662083E+01
  2      14  4.000000E-01   18.895833333   22.757936508  1.622083E+01
  2      15  4.000000E-01   20.895833333   24.662698413  1.582083E+01
  2      16  4.000000E-01   22.895833333   26.567460317  1.542083E+01
  2      17  4.000000E-01   24.895833333   28.472222222  1.502083E+01
  2      18  2.666667E-01   26.229166667   29.742063492  1.475417E+01
  2      19  2.666667E-01   27.562500000   31.011904762  1.448750E+01
  2      20  1.777778E-01   28.451388889   31.858465608  1.430972E+01
  2      21  2.666667E-01   29.784722222   33.128306878  1.404306E+01
  2      22  4.000000E-01   31.784722222   35.033068783  1.364306E+01
  2      23  2.666667E-01   33.118055556   36.302910053  1.337639E+01
  2      24  1.777778E-01   34.006944444   37.149470899  1.319861E+01
  2      25  2.666667E-01   35.340277778   38.419312169  1.293194E+01
  2      26  4.000000E-01   37.340277778   40.324074074  1.253194E+01
  2      27  4.000000E-01   39.340277778   42.228835979  1.213194E+01
  2      28  4.000000E-01   41.340277778   44.133597884  1.173194E+01
  2      29  4.000000E-01   43.340277778   46.038359788  1.133194E+01
  2      30  4.000000E-01   45.340277778   47.943121693  1.093194E+01
  2      31  4.000000E-01   47.340277778   49.847883598  1.053194E+01
  2      32  4.000000E-01   49.340277778   51.752645503  1.013194E+01
  2      33  4.000000E-01   51.340277778   53.657407407  9.731944E+00
  2      34  2.666667E-01   52.673611111   54.927248677  9.465278E+00
  2      35  1.777778E-01   53.562500000   55.773809524  9.287500E+00
  2      36  1.777778E-01   54.451388889   56.620370370  9.109722E+00
  2      37  1.777778E-01   55.340277778   57.466931217  8.931944E+00
  2      38  1.185185E-01   55.932870370   58.031305115  8.813426E+00
  2      39  1.185185E-01   56.525462963   58.595679012  8.694907E+00
  2      40  1.185185E-01   57.118055556   59.160052910  8.576389E+00
  2      41  1.185185E-01   57.710648148   59.724426808  8.457870E+00
  2      42  1.185185E-01   58.303240741   60.288800705  8.339352E+00
  2      43  1.185185E-01   58.895833333   60.853174603  8.220833E+00
  2      44  1.185185E-01   59.488425926   61.417548501  8.102315E+00
  2      45  1.185185E-01   60.081018519   61.981922399  7.983796E+00
  2      46  1.185185E-01   60.673611111   62.546296296  7.865278E+00
  2      47  1.185185E-01   61.266203704   63.110670194  7.746759E+00
  2      48  1.185185E-01   61.858796296   63.675044092  7.628241E+00
  2      49  1.185185E-01   62.451388889   64.239417989  7.509722E+00
  2      50  1.185185E-01   63.043981481   64.803791887  7.391204E+00
  2      51  1.185185E-01   63.636574074   65.368165785  7.272685E+00
  2      52  1.185185E-01   64.229166667   65.932539683  7.154167E+00
  2      53  1.185185E-01   64.821759259   66.496913580  7.035648E+00
  2      54  1.185185E-01   65.414351852   67.061287478  6.917130E+00
  2      55  1.185185E-01   66.006944444   67.625661376  6.798611E+00
  2      56  1.185185E-01   66.599537037   68.190035273  6.680093E+00
  2      57  1.185185E-01   67.192129630   68.754409171  6.561574E+00
  2      58  1.185185E-01   67.784722222   69.318783069  6.443056E+00
  2      59  1.185185E-01   68.377314815   69.883156966  6.324537E+00
  2      60  1.185185E-01   68.969907407   70.447530864  6.206019E+00
  2      61  1.185185E-01   69.562500000   71.011904762  6.087500E+00
  2      62  1.185185E-01   70.155092593   71.576278660  5.968981E+00
  2      63  1.185185E-01   70.747685185   72.140652557  5.850463E+00
  2      64  1.185185E-01   71.340277778   72.705026455  5.731944E+00
  2      65  1.185185E-01   71.932870370   73.269400353  5.613426E+00
  2      66  1.185185E-01   72.525462963   73.833774250  5.494907E+00
  2      67  1.185185E-01   73.118055556   74.398148148  5.376389E+00
  2      68  1.185185E-01   73.710648148   74.962522046  5.257870E+00
  2      69  1.185185E-01   74.303240741   75.526895944  5.139352E+00
  2      70  1.185185E-01   74.895833333   76.091269841  5.020833E+00
  2      71  1.185185E-01   75.488425926   76.655643739  4.902315E+00
  2      72  1.185185E-01   76.081018519   77.220017637  4.783796E+00
  2      73  1.185185E-01   76.673611111   77.784391534  4.665278E+00
  2      74  1.185185E-01   77.266203704   78.348765432  4.546759E+00
  2      75  1.185185E-01   77.858796296   78.913139330  4.428241E+00
  2      76  1.185185E-01   78.451388889   79.477513228  4.309722E+00
  2      77  1.185185E-01   79.043981481   80.041887125  4.191204E+00
  2      78  1.185185E-01   79.636574074   80.606261023  4.072685E+00
  2      79  1.185185E-01   80.229166667   81.170634921  3.954167E+00
  2      80  1.185185E-01   80.821759259   81.735008818  3.835648E+00
  2      81  1.185185E-01   81.414351852   82.299382716  3.717130E+00
  2      82  1.185185E-01   82.006944444   82.863756614  3.598611E+00
  2      83  1.185185E-01   82.599537037   83.428130511  3.480093E+00
  2      84  1.185185E-01   83.192129630   83.992504409  3.361574E+00
  2      85  1.185185E-01   83.784722222   84.556878307  3.243056E+00
  2      86  1.185185E-01   84.377314815   85.121252205  3.124537E+00
  2      87  1.185185E-01   84.969907407   85.685626102  3.006019E+00
  2      88  1.185185E-01   85.562500000   86.250000000  2.887500E+00
  2      89  1.185185E-01   86.155092593   86.814373898  2.768981E+00
  2      90  1.185185E-01   86.747685185   87.378747795  2.650463E+00
  2      91  1.185185E-01   87.340277778   87.943121693  2.531944E+00
  2      92  1.185185E-01   87.932870370   88.507495591  2.413426E+00
  2      93  1.185185E-01   88.525462963   89.071869489  2.294907E+00
  2      94  1.185185E-01   89.118055556   89.636243386  2.176389E+00
  2      95  1.185185E-01   89.710648148   90.200617284  2.057870E+00
  2      96  1.185185E-01   90.303240741   90.764991182  1.939352E+00
  2      97  1.185185E-01   90.895833333   91.329365079  1.820833E+00
  2      98  1.185185E-01   91.488425926   91.893738977  1.702315E+00
  2      99  1.185185E-01   92.081018519   92.458112875  1.583796E+00
  2     100  1.185185E-01   92.673611111   93.022486772  1.465278E+00
  2     101  1.185185E-01   93.266203704   93.586860670  1.346759E+00
  2     102  1.185185E-01   93.858796296   94.151234568  1.228241E+00
  2     103  1.185185E-01   94.451388889   94.715608466  1.109722E+00
  2     104  1.185185E-01   95.043981481   95.279982363  9.912037E-01
  2     105  3.950617E-02   95.241512346   95.468106996  9.516975E-01
  2     106  4.740741E-02   95.478549383   95.693856555  9.042901E-01
  2     107  5.688889E-02   95.762993827   95.964756026  8.474012E-01
  2     108  6.826667E-02   96.104327160   96.289835391  7.791346E-01
  2     109  6.826667E-02   96.445660494   96.614914756  7.108679E-01
  2     110  6.826667E-02   96.786993827   96.939994121  6.426012E-01
  2     111  6.826667E-02   97.128327160   97.265073486  5.743346E-01
  2     112  6.826667E-02   97.469660494   97.590152851  5.060679E-01
  2     113  6.826667E-02   97.810993827   97.915232216  4.378012E-01
  2     114  6.826667E-02   98.152327160   98.240311581  3.695346E-01
  2     115  6.826667E-02   98.493660494   98.565390947  3.012679E-01
  2     116  6.826667E-02   98.834993827   98.890470312  2.330012E-01
  2     117  6.826667E-02   99.176327160   99.215549677  1.647346E-01
  2     118  6.826667E-02   99.517660494   99.540629042  9.646790E-02
  2     119  5.788074E-02   99.807064198   99.816251617  3.858716E-02
  2     120  3.858716E-02  100.000000000  100.000000000  0.000000E+00
ENDE  0

 DIE ANALYSE ENDET ERFOLGREICH.
