$Step  Incr         Dtime  S-Progress(%)  T-Progress(%)     Rest time
  1       1  1.000000E+00  100.000000000  100.000000000  0.000000E+00
  2       2  1.000000E-01    0.500000000    5.238095238  1.990000E+01
  2       3  6.666667E-02    0.833333333    5.555555556  1.983333E+01
  2       4  1.000000E-01    1.333333333    6.031746032  1.973333E+01
  2       5  1.500000E-01    2.083333333    6.746031746  1.958333E+01
  2       6  2.250000E-01    3.208333333    7.817460317  1.935833E+01
  2       7  3.375000E-01    4.895833333    9.424603175  1.902083E+01
  2       8  4.000000E-01    6.895833333   11.329365079  1.862083E+01
  2       9  4.000000E-01    8.895833333   13.234126984  1.822083E+01
  2      10  4.000000E-01   10.895833333   15.138888889  1.782083E+01
  2      11  4.000000E-01   12.895833333   17.043650794  1.742083E+01
  2      12  1.777778E-01   13.784722222   17.890211640  1.724306E+01
  2      13  1.777778E-01   14.673611111   18.736772487  1.706528E+01
  2      14  1.185185E-01   15.266203704   19.301146384  1.694676E+01
  2      15  7.901235E-02   15.661265432   19.677395650  1.686775E+01
  2      16  5.267490E-02   15.924639918   19.928228493  1.681507E+01
  2      17  7.901235E-02   16.319701646   20.304477758  1.673606E+01
  2      18  1.185185E-01   16.912294239   20.868851656  1.661754E+01
  2      19  7.901235E-02   17.307355967   21.245100921  1.653853E+01
  2      20  1.185185E-01   17.899948560   21.809474819  1.642001E+01
  2      21  1.777778E-01   18.788837449   22.656035665  1.624223E+01
  2      22  2.666667E-01   20.122170782   23.925876935  1.597557E+01
  2      23  1.777778E-01   21.011059671   24.772437782  1.579779E+01
  2      24  1.777778E-01   21.899948560   25.618998628  1.562001E+01
  2      25  1.777778E-01   22.788837449   26.465559475  1.544223E+01
  2      26  2.666667E-01   24.122170782   27.735400745  1.517557E+01
  2      27  4.000000E-01   26.122170782   29.640162649  1.477557E+01
  2      28  4.000000E-01   26.122170782   29.640162649  1.477557E+01
ENDE  1

 DIE ANALYSE WIRD AUFGRUND VON KONVERGENZPROBLEMEN ABGEBROCHEN.

