$Step  Incr         Dtime  S-Progress(%)  T-Progress(%)     Rest time
  1       1  1.000000E+00  100.000000000  100.000000000  0.000000E+00
  2       2  1.000000E-01    0.500000000    5.238095238  1.990000E+01
  2       3  6.666667E-02    0.833333333    5.555555556  1.983333E+01
  2       4  1.000000E-01    1.333333333    6.031746032  1.973333E+01
  2       5  1.500000E-01    2.083333333    6.746031746  1.958333E+01
  2       6  2.250000E-01    3.208333333    7.817460317  1.935833E+01
  2       7  3.375000E-01    4.895833333    9.424603175  1.902083E+01
  2       8  4.000000E-01    6.895833333   11.329365079  1.862083E+01
  2       9  4.000000E-01    8.895833333   13.234126984  1.822083E+01
  2      10  4.000000E-01   10.895833333   15.138888889  1.782083E+01
  2      11  4.000000E-01   12.895833333   17.043650794  1.742083E+01
  2      12  1.777778E-01   13.784722222   17.890211640  1.724306E+01
  2      13  1.185185E-01   14.377314815   18.454585538  1.712454E+01
  2      14  1.777778E-01   15.266203704   19.301146384  1.694676E+01
  2      15  1.185185E-01   15.858796296   19.865520282  1.682824E+01
  2      16  1.777778E-01   16.747685185   20.712081129  1.665046E+01
  2      17  1.185185E-01   17.340277778   21.276455026  1.653194E+01
  2      18  1.777778E-01   18.229166667   22.123015873  1.635417E+01
  2      19  1.185185E-01   18.821759259   22.687389771  1.623565E+01
  2      20  1.777778E-01   19.710648148   23.533950617  1.605787E+01
  2      21  1.185185E-01   20.303240741   24.098324515  1.593935E+01
  2      22  7.901235E-02   20.698302469   24.474573780  1.586034E+01
  2      23  5.267490E-02   20.961676955   24.725406624  1.580766E+01
  2      24  3.511660E-02   21.137259945   24.892628519  1.577255E+01
  2      25  5.267490E-02   21.400634431   25.143461363  1.571987E+01
  2      26  7.901235E-02   21.795696159   25.519710628  1.564086E+01
  2      27  1.185185E-01   22.388288752   26.084084525  1.552234E+01
  2      28  7.901235E-02   22.783350480   26.460333791  1.544333E+01
  2      29  1.185185E-01   23.375943073   27.024707688  1.532481E+01
  2      30  1.777778E-01   24.264831962   27.871268535  1.514703E+01
  2      31  7.901235E-02   24.659893690   28.247517800  1.506802E+01
  2      32  5.267490E-02   24.923268176   28.498350643  1.501535E+01
  2      33  3.511660E-02   25.098851166   28.665572539  1.498023E+01
  2      34  5.267490E-02   25.362225652   28.916405382  1.492755E+01
  2      35  7.901235E-02   25.757287380   29.292654648  1.484854E+01
  2      36  1.185185E-01   26.349879973   29.857028545  1.473002E+01
  2      37  1.777778E-01   27.238768861   30.703589392  1.455225E+01
  2      38  2.666667E-01   28.572102195   31.973430662  1.428558E+01
  2      39  4.000000E-01   30.572102195   33.878192566  1.388558E+01
  2      40  2.666667E-01   31.905435528   35.148033836  1.361891E+01
  2      41  2.666667E-01   33.238768861   36.417875106  1.335225E+01
  2      42  4.000000E-01   35.238768861   38.322637011  1.295225E+01
  2      43  4.000000E-01   37.238768861   40.227398916  1.255225E+01
  2      44  4.000000E-01   39.238768861   42.132160820  1.215225E+01
  2      45  2.666667E-01   40.572102195   43.402002090  1.188558E+01
  2      46  4.000000E-01   42.572102195   45.306763995  1.148558E+01
  2      47  4.000000E-01   44.572102195   47.211525900  1.108558E+01
  2      48  4.000000E-01   46.572102195   49.116287805  1.068558E+01
  2      49  4.000000E-01   48.572102195   51.021049709  1.028558E+01
  2      50  2.666667E-01   49.905435528   52.290890979  1.001891E+01
  2      51  2.666667E-01   51.238768861   53.560732249  9.752246E+00
  2      52  2.666667E-01   52.572102195   54.830573519  9.485580E+00
  2      53  2.666667E-01   53.905435528   56.100414789  9.218913E+00
  2      54  2.666667E-01   55.238768861   57.370256059  8.952246E+00
  2      55  1.777778E-01   56.127657750   58.216816905  8.774468E+00
  2      56  1.777778E-01   57.016546639   59.063377752  8.596691E+00
  2      57  1.777778E-01   57.905435528   59.909938598  8.418913E+00
  2      58  2.666667E-01   59.238768861   61.179779868  8.152246E+00
  2      59  2.666667E-01   60.572102195   62.449621138  7.885580E+00
  2      60  2.666667E-01   61.905435528   63.719462408  7.618913E+00
  2      61  2.666667E-01   63.238768861   64.989303678  7.352246E+00
  2      62  2.666667E-01   64.572102195   66.259144947  7.085580E+00
  2      63  2.666667E-01   65.905435528   67.528986217  6.818913E+00
  2      64  2.666667E-01   67.238768861   68.798827487  6.552246E+00
  2      65  4.000000E-01   69.238768861   70.703589392  6.152246E+00
  2      66  4.000000E-01   71.238768861   72.608351297  5.752246E+00
  2      67  4.000000E-01   73.238768861   74.513113201  5.352246E+00
  2      68  4.000000E-01   75.238768861   76.417875106  4.952246E+00
  2      69  4.000000E-01   77.238768861   78.322637011  4.552246E+00
  2      70  4.000000E-01   79.238768861   80.227398916  4.152246E+00
  2      71  2.666667E-01   80.572102195   81.497240186  3.885580E+00
  2      72  2.666667E-01   81.905435528   82.767081455  3.618913E+00
  2      73  2.666667E-01   83.238768861   84.036922725  3.352246E+00
  2      74  2.666667E-01   84.572102195   85.306763995  3.085580E+00
  2      75  2.666667E-01   85.905435528   86.576605265  2.818913E+00
  2      76  2.666667E-01   87.238768861   87.846446535  2.552246E+00
  2      77  2.666667E-01   88.572102195   89.116287805  2.285580E+00
  2      78  2.666667E-01   89.905435528   90.386129074  2.018913E+00
  2      79  2.666667E-01   91.238768861   91.655970344  1.752246E+00
  2      80  2.666667E-01   92.572102195   92.925811614  1.485580E+00
  2      81  2.666667E-01   93.905435528   94.195652884  1.218913E+00
  2      82  2.666667E-01   95.238768861   95.465494154  9.522462E-01
  2      83  8.888889E-02   95.683213306   95.888774577  8.633573E-01
  2      84  8.888889E-02   96.127657750   96.312055000  7.744684E-01
  2      85  1.066667E-01   96.660991084   96.819991508  6.678018E-01
  2      86  1.280000E-01   97.300991084   97.429515318  5.398018E-01
  2      87  1.536000E-01   98.068991084   98.160943889  3.862018E-01
  2      88  1.544160E-01   98.841070856   98.896257958  2.317858E-01
  2      89  1.390715E-01   99.536428342   99.558503183  9.271433E-02
  2      90  9.271433E-02  100.000000000  100.000000000  0.000000E+00
ENDE  0

 DIE ANALYSE ENDET ERFOLGREICH.
