$Step  Incr         Dtime  S-Progress(%)  T-Progress(%)     Rest time
  1       1  1.000000E+00  100.000000000  100.000000000  0.000000E+00
  2       2  1.000000E-01    0.500000000    5.238095238  1.990000E+01
  2       3  1.500000E-01    1.250000000    5.952380952  1.975000E+01
  2       4  2.250000E-01    2.375000000    7.023809524  1.952500E+01
  2       5  3.375000E-01    4.062500000    8.630952381  1.918750E+01
  2       6  4.000000E-01    6.062500000   10.535714286  1.878750E+01
  2       7  4.000000E-01    8.062500000   12.440476190  1.838750E+01
  2       8  4.000000E-01   10.062500000   14.345238095  1.798750E+01
  2       9  4.000000E-01   12.062500000   16.250000000  1.758750E+01
  2      10  4.000000E-01   14.062500000   18.154761905  1.718750E+01
  2      11  4.000000E-01   16.062500000   20.059523810  1.678750E+01
  2      12  4.000000E-01   18.062500000   21.964285714  1.638750E+01
  2      13  4.000000E-01   20.062500000   23.869047619  1.598750E+01
  2      14  4.000000E-01   22.062500000   25.773809524  1.558750E+01
  2      15  4.000000E-01   24.062500000   27.678571429  1.518750E+01
  2      16  4.000000E-01   26.062500000   29.583333333  1.478750E+01
  2      17  4.000000E-01   28.062500000   31.488095238  1.438750E+01
  2      18  4.000000E-01   30.062500000   33.392857143  1.398750E+01
  2      19  4.000000E-01   32.062500000   35.297619048  1.358750E+01
  2      20  4.000000E-01   34.062500000   37.202380952  1.318750E+01
  2      21  4.000000E-01   36.062500000   39.107142857  1.278750E+01
  2      22  4.000000E-01   38.062500000   41.011904762  1.238750E+01
  2      23  2.666667E-01   39.395833333   42.281746032  1.212083E+01
  2      24  2.666667E-01   40.729166667   43.551587302  1.185417E+01
  2      25  2.666667E-01   42.062500000   44.821428571  1.158750E+01
  2      26  1.777778E-01   42.951388889   45.667989418  1.140972E+01
  2      27  1.777778E-01   43.840277778   46.514550265  1.123194E+01
  2      28  1.777778E-01   44.729166667   47.361111111  1.105417E+01
  2      29  1.185185E-01   45.321759259   47.925485009  1.093565E+01
  2      30  1.185185E-01   45.914351852   48.489858907  1.081713E+01
  2      31  1.185185E-01   46.506944444   49.054232804  1.069861E+01
  2      32  1.185185E-01   47.099537037   49.618606702  1.058009E+01
  2      33  1.185185E-01   47.692129630   50.182980600  1.046157E+01
  2      34  1.185185E-01   48.284722222   50.747354497  1.034306E+01
  2      35  1.185185E-01   48.877314815   51.311728395  1.022454E+01
  2      36  1.185185E-01   49.469907407   51.876102293  1.010602E+01
  2      37  1.185185E-01   50.062500000   52.440476190  9.987500E+00
  2      38  1.185185E-01   50.655092593   53.004850088  9.868981E+00
  2      39  1.185185E-01   51.247685185   53.569223986  9.750463E+00
  2      40  1.185185E-01   51.840277778   54.133597884  9.631944E+00
  2      41  1.185185E-01   52.432870370   54.697971781  9.513426E+00
  2      42  1.185185E-01   53.025462963   55.262345679  9.394907E+00
  2      43  1.185185E-01   53.618055556   55.826719577  9.276389E+00
  2      44  1.185185E-01   54.210648148   56.391093474  9.157870E+00
  2      45  1.185185E-01   54.803240741   56.955467372  9.039352E+00
  2      46  1.185185E-01   55.395833333   57.519841270  8.920833E+00
  2      47  1.185185E-01   55.988425926   58.084215168  8.802315E+00
  2      48  1.185185E-01   56.581018519   58.648589065  8.683796E+00
  2      49  1.185185E-01   57.173611111   59.212962963  8.565278E+00
  2      50  1.185185E-01   57.766203704   59.777336861  8.446759E+00
  2      51  1.185185E-01   58.358796296   60.341710758  8.328241E+00
  2      52  1.185185E-01   58.951388889   60.906084656  8.209722E+00
  2      53  1.185185E-01   59.543981481   61.470458554  8.091204E+00
  2      54  1.185185E-01   60.136574074   62.034832451  7.972685E+00
  2      55  1.185185E-01   60.729166667   62.599206349  7.854167E+00
  2      56  1.185185E-01   61.321759259   63.163580247  7.735648E+00
  2      57  1.185185E-01   61.914351852   63.727954145  7.617130E+00
  2      58  1.185185E-01   62.506944444   64.292328042  7.498611E+00
  2      59  1.185185E-01   63.099537037   64.856701940  7.380093E+00
  2      60  1.185185E-01   63.692129630   65.421075838  7.261574E+00
  2      61  1.185185E-01   64.284722222   65.985449735  7.143056E+00
  2      62  1.185185E-01   64.877314815   66.549823633  7.024537E+00
  2      63  1.185185E-01   65.469907407   67.114197531  6.906019E+00
  2      64  1.185185E-01   66.062500000   67.678571429  6.787500E+00
  2      65  1.185185E-01   66.655092593   68.242945326  6.668981E+00
  2      66  1.185185E-01   67.247685185   68.807319224  6.550463E+00
  2      67  1.185185E-01   67.840277778   69.371693122  6.431944E+00
  2      68  1.185185E-01   68.432870370   69.936067019  6.313426E+00
  2      69  1.185185E-01   69.025462963   70.500440917  6.194907E+00
  2      70  1.185185E-01   69.618055556   71.064814815  6.076389E+00
  2      71  1.185185E-01   70.210648148   71.629188713  5.957870E+00
  2      72  1.185185E-01   70.803240741   72.193562610  5.839352E+00
  2      73  1.185185E-01   71.395833333   72.757936508  5.720833E+00
  2      74  1.185185E-01   71.988425926   73.322310406  5.602315E+00
  2      75  1.185185E-01   72.581018519   73.886684303  5.483796E+00
  2      76  1.185185E-01   73.173611111   74.451058201  5.365278E+00
  2      77  1.185185E-01   73.766203704   75.015432099  5.246759E+00
  2      78  1.185185E-01   74.358796296   75.579805996  5.128241E+00
  2      79  1.185185E-01   74.951388889   76.144179894  5.009722E+00
  2      80  1.185185E-01   75.543981481   76.708553792  4.891204E+00
  2      81  1.185185E-01   76.136574074   77.272927690  4.772685E+00
  2      82  1.185185E-01   76.729166667   77.837301587  4.654167E+00
  2      83  1.185185E-01   77.321759259   78.401675485  4.535648E+00
  2      84  1.185185E-01   77.914351852   78.966049383  4.417130E+00
  2      85  1.185185E-01   78.506944444   79.530423280  4.298611E+00
  2      86  1.185185E-01   79.099537037   80.094797178  4.180093E+00
  2      87  1.185185E-01   79.692129630   80.659171076  4.061574E+00
  2      88  1.185185E-01   80.284722222   81.223544974  3.943056E+00
  2      89  1.185185E-01   80.877314815   81.787918871  3.824537E+00
  2      90  1.185185E-01   81.469907407   82.352292769  3.706019E+00
  2      91  1.185185E-01   82.062500000   82.916666667  3.587500E+00
  2      92  1.185185E-01   82.655092593   83.481040564  3.468981E+00
  2      93  1.185185E-01   83.247685185   84.045414462  3.350463E+00
  2      94  1.185185E-01   83.840277778   84.609788360  3.231944E+00
  2      95  1.185185E-01   84.432870370   85.174162257  3.113426E+00
  2      96  1.185185E-01   85.025462963   85.738536155  2.994907E+00
  2      97  1.185185E-01   85.618055556   86.302910053  2.876389E+00
  2      98  1.185185E-01   86.210648148   86.867283951  2.757870E+00
  2      99  1.185185E-01   86.803240741   87.431657848  2.639352E+00
  2     100  1.185185E-01   87.395833333   87.996031746  2.520833E+00
  2     101  1.185185E-01   87.988425926   88.560405644  2.402315E+00
  2     102  1.185185E-01   88.581018519   89.124779541  2.283796E+00
  2     103  1.185185E-01   89.173611111   89.689153439  2.165278E+00
  2     104  1.185185E-01   89.766203704   90.253527337  2.046759E+00
  2     105  1.185185E-01   90.358796296   90.817901235  1.928241E+00
  2     106  1.185185E-01   90.951388889   91.382275132  1.809722E+00
  2     107  1.185185E-01   91.543981481   91.946649030  1.691204E+00
  2     108  1.185185E-01   92.136574074   92.511022928  1.572685E+00
  2     109  1.185185E-01   92.729166667   93.075396825  1.454167E+00
  2     110  1.185185E-01   93.321759259   93.639770723  1.335648E+00
  2     111  1.185185E-01   93.914351852   94.204144621  1.217130E+00
  2     112  1.185185E-01   94.506944444   94.768518519  1.098611E+00
  2     113  1.185185E-01   95.099537037   95.332892416  9.800926E-01
  2     114  3.950617E-02   95.297067901   95.521017049  9.405864E-01
  2     115  4.740741E-02   95.534104938   95.746766608  8.931790E-01
  2     116  5.688889E-02   95.818549383   96.017666079  8.362901E-01
  2     117  6.826667E-02   96.159882716   96.342745444  7.680235E-01
  2     118  6.826667E-02   96.501216049   96.667824809  6.997568E-01
  2     119  6.826667E-02   96.842549383   96.992904174  6.314901E-01
  2     120  6.826667E-02   97.183882716   97.317983539  5.632235E-01
  2     121  6.826667E-02   97.525216049   97.643062904  4.949568E-01
  2     122  6.826667E-02   97.866549383   97.968142269  4.266901E-01
  2     123  6.826667E-02   98.207882716   98.293221634  3.584235E-01
  2     124  6.826667E-02   98.549216049   98.618300999  2.901568E-01
  2     125  6.826667E-02   98.890549383   98.943380364  2.218901E-01
  2     126  6.826667E-02   99.231882716   99.268459730  1.536235E-01
  2     127  6.826667E-02   99.573216049   99.593539095  8.535679E-02
  2     128  5.121407E-02   99.829286420   99.837415638  3.414272E-02
  2     129  3.414272E-02  100.000000000  100.000000000  0.000000E+00
ENDE  0

 DIE ANALYSE ENDET ERFOLGREICH.
